3
1 2 3
1 2 3 
1 2 3 
47
6
0
12
0 200.0 4.68208647 0.0399999991
4.7087779 0.0399999991
4.71945429 0.0399999991
4.72949648 0.0399999991
0 180.0 4.57774782 0.0399999991
4.60902405 0.0399999991
4.62213898 0.0399999991
4.63480949 0.0399999991
0 160.0 4.48663807 0.0399999991
4.52208328 0.0399999991
4.53818178 0.0399999991
4.55386114 0.0399999991
0 140.0 4.41033649 0.0399999991
4.44809484 0.0399999991
4.46735859 0.0399999991
4.48608303 0.0399999991
0 120.0 4.34774256 0.0399999991
4.38511658 0.0399999991
4.40791225 0.0399999991
4.43008614 0.0399999991
0 100.0 4.2979188 0.0399999991
4.33132982 0.0399999991
4.35757399 0.0399999991
4.38318205 0.0399999991
0 90.0 4.27707291 0.0399999991
4.30662203 0.0399999991
4.33448267 0.0399999991
4.36168194 0.0399999991
0 80.0 4.25721264 0.0399999991
4.28145027 0.0399999991
4.31060553 0.0399999991
4.33916998 0.0399999991
0 70.0 4.23875427 0.0399999991
4.25665903 0.0399999991
4.28676796 0.0399999991
4.31634235 0.0399999991
0 60.0 4.21909904 0.0399999991
4.2302289 0.0399999991
4.26073217 0.0399999991
4.29074049 0.0399999991
0 50.0 4.19621801 0.0399999991
4.20140028 0.0399999991
4.23168135 0.0399999991
4.26148176 0.0399999991
0 45.0 4.18210411 0.0399999991
4.18506908 0.0399999991
4.2150197 0.0399999991
4.24448299 0.0399999991
0 40.0 4.16478062 0.0399999991
4.16619015 0.0399999991
4.19568253 0.0399999991
4.22467089 0.0399999991
1
11
1 180.0 7.18080759 0.0399999991
7.22197485 0.0399999991
7.23367786 0.0399999991
7.24984503 0.0399999991
1 160.0 6.97312593 0.0399999991
7.01621389 0.0399999991
7.02630711 0.0399999991
7.03925514 0.0399999991
1 140.0 6.73175526 0.0399999991
6.7741847 0.0399999991
6.79074574 0.0399999991
6.80835581 0.0399999991
1 120.0 6.44368267 0.0399999991
6.49358225 0.0399999991
6.51240873 0.0399999991
6.52800226 0.0399999991
1 100.0 6.09985876 0.0399999991
6.14656353 0.0399999991
6.16600418 0.0399999991
6.18465424 0.0399999991
1 90.0 5.91637516 0.0399999991
5.95936584 0.0399999991
5.9813838 0.0399999991
5.99935532 0.0399999991
1 80.0 5.72933483 0.0399999991
5.77106857 0.0399999991
5.7947278 0.0399999991
5.81326675 0.0399999991
1 70.0 5.54748106 0.0399999991
5.58684063 0.0399999991
5.60866785 0.0399999991
5.63190031 0.0399999991
1 60.0 5.37321472 0.0399999991
5.41852427 0.0399999991
5.43801975 0.0399999991
5.45811272 0.0399999991
1 50.0 5.21257496 0.0399999991
5.26307583 0.0399999991
5.28045607 0.0399999991
5.30448484 0.0399999991
1 45.0 5.14019394 0.0399999991
5.19477797 0.0399999991
5.22097492 0.0399999991
5.23786259 0.0399999991
1 40.0 5.07667589 0.0399999991
5.13296795 0.0399999991
5.15706396 0.0399999991
5.18138313 0.0399999991
2
8
2 120.0 7.78828382 0.0399999991
7.82120752 0.0399999991
7.84917021 0.0399999991
7.87643623 0.0399999991
2 100.0 7.40083647 0.0399999991
7.42570496 0.0399999991
7.45290184 0.0399999991
7.47329903 0.0399999991
2 90.0 7.17307472 0.0399999991
7.19212866 0.0399999991
7.2144146 0.0399999991
7.23228502 0.0399999991
2 80.0 6.90040445 0.0399999991
6.91699553 0.0399999991
6.93851614 0.0399999991
6.96025658 0.0399999991
2 70.0 6.5649972 0.0399999991
6.57878733 0.0399999991
6.59776926 0.0399999991
6.61958885 0.0399999991
2 60.0 6.20568275 0.0399999991
6.21563435 0.0399999991
6.23447323 0.0399999991
6.25232029 0.0399999991
2 50.0 5.88021088 0.0399999991
5.89205265 0.0399999991
5.90529919 0.0399999991
5.92164946 0.0399999991
2 45.0 5.72896671 0.0399999991
5.74814272 0.0399999991
5.76496029 0.0399999991
5.7790885 0.0399999991
2 40.0 5.57358932 0.0399999991
5.60531235 0.0399999991
5.62617779 0.0399999991
5.64413834 0.0399999991
3
6
3 90.0 8.08311749 0.0399999991
8.0926733 0.0399999991
8.11838818 0.0399999991
8.14399052 0.0399999991
3 80.0 7.80435085 0.0399999991
7.80631638 0.0399999991
7.8298316 0.0399999991
7.86080027 0.0399999991
3 70.0 7.48157549 0.0399999991
7.48130655 0.0399999991
7.49848843 0.0399999991
7.51889801 0.0399999991
3 60.0 7.12696934 0.0399999991
7.13532209 0.0399999991
7.14726162 0.0399999991
7.16497564 0.0399999991
3 50.0 6.67584753 0.0399999991
6.7145977 0.0399999991
6.72797108 0.0399999991
6.74687052 0.0399999991
3 45.0 6.39697599 0.0399999991
6.44715881 0.0399999991
6.47568464 0.0399999991
6.48635435 0.0399999991
3 40.0 6.125772 0.0399999991
6.1780777 0.0399999991
6.20261908 0.0399999991
6.22537136 0.0399999991
4
2
4 50.0 7.32746792 0.0399999991
7.36031246 0.0399999991
7.38278008 0.0399999991
7.40759373 0.0399999991
4 45.0 7.05578709 0.0399999991
7.09926987 0.0399999991
7.11698341 0.0399999991
7.14576244 0.0399999991
4 40.0 6.7612505 0.0399999991
6.79543972 0.0399999991
6.82083559 0.0399999991
6.84525824 0.0399999991
5
2
5 50.0 7.85771894 0.0399999991
7.85891438 0.0399999991
7.87658787 0.0399999991
7.8889451 0.0399999991
5 45.0 7.62349558 0.0399999991
7.6295042 0.0399999991
7.6523881 0.0399999991
7.67757559 0.0399999991
5 40.0 7.32801008 0.0399999991
7.33584166 0.0399999991
7.36003256 0.0399999991
7.3852849 0.0399999991
47
6
0
12
0 200.0 5.06761169 0.0399999991
5.10302925 0.0399999991
5.13645887 0.0399999991
5.16950893 0.0399999991
0 180.0 5.0119257 0.0399999991
5.04688025 0.0399999991
5.08135509 0.0399999991
5.11576986 0.0399999991
0 160.0 4.95765114 0.0399999991
4.99109554 0.0399999991
5.0268755 0.0399999991
5.06201029 0.0399999991
0 140.0 4.90547514 0.0399999991
4.93749523 0.0399999991
4.9744277 0.0399999991
5.01232481 0.0399999991
0 120.0 4.85437584 0.0399999991
4.88277769 0.0399999991
4.92297792 0.0399999991
4.96297741 0.0399999991
0 100.0 4.80103064 0.0399999991
4.82913971 0.0399999991
4.87034798 0.0399999991
4.91191006 0.0399999991
0 90.0 4.7750802 0.0399999991
4.80092049 0.0399999991
4.84294176 0.0399999991
4.88497448 0.0399999991
0 80.0 4.74825478 0.0399999991
4.7705555 0.0399999991
4.8135581 0.0399999991
4.85640955 0.0399999991
0 70.0 4.71544552 0.0399999991
4.73441076 0.0399999991
4.77853727 0.0399999991
4.82234859 0.0399999991
0 60.0 4.68017197 0.0399999991
4.69409227 0.0399999991
4.7392869 0.0399999991
4.78419638 0.0399999991
0 50.0 4.63542461 0.0399999991
4.64319706 0.0399999991
4.68928766 0.0399999991
4.7351656 0.0399999991
0 45.0 4.60557842 0.0399999991
4.61080408 0.0399999991
4.65712833 0.0399999991
4.70340729 0.0399999991
0 40.0 4.56688309 0.0399999991
4.56963682 0.0399999991
4.6161952 0.0399999991
4.66271162 0.0399999991
1
11
1 180.0 7.36175299 0.0399999991
7.3875289 0.0399999991
7.4068656 0.0399999991
7.41938353 0.0399999991
1 160.0 7.04965401 0.0399999991
7.06987715 0.0399999991
7.0881815 0.0399999991
7.10346794 0.0399999991
1 140.0 6.70239401 0.0399999991
6.7264514 0.0399999991
6.74455214 0.0399999991
6.75978231 0.0399999991
1 120.0 6.33227396 0.0399999991
6.36143684 0.0399999991
6.38052225 0.0399999991
6.39718914 0.0399999991
1 100.0 5.97167063 0.0399999991
5.99558163 0.0399999991
6.01431274 0.0399999991
6.0338378 0.0399999991
1 90.0 5.79659081 0.0399999991
5.82248068 0.0399999991
5.84284496 0.0399999991
5.86082888 0.0399999991
1 80.0 5.62726164 0.0399999991
5.65535545 0.0399999991
5.67452526 0.0399999991
5.6965704 0.0399999991
1 70.0 5.46390867 0.0399999991
5.49885607 0.0399999991
5.51729584 0.0399999991
5.53889608 0.0399999991
1 60.0 5.3105917 0.0399999991
5.35408878 0.0399999991
5.37318611 0.0399999991
5.39164448 0.0399999991
1 50.0 5.16825628 0.0399999991
5.22471189 0.0399999991
5.24577808 0.0399999991
5.26513815 0.0399999991
1 45.0 5.10283995 0.0399999991
5.16628838 0.0399999991
5.18947458 0.0399999991
5.20921087 0.0399999991
1 40.0 5.04555464 0.0399999991
5.11318111 0.0399999991
5.13691187 0.0399999991
5.1581502 0.0399999991
2
8
2 120.0 8.03537178 0.0399999991
8.06200409 0.0399999991
8.0764389 0.0399999991
8.09120083 0.0399999991
2 100.0 7.50041676 0.0399999991
7.52632666 0.0399999991
7.54073 0.0399999991
7.55929565 0.0399999991
2 90.0 7.18236494 0.0399999991
7.21007061 0.0399999991
7.22459078 0.0399999991
7.24381495 0.0399999991
2 80.0 6.83310175 0.0399999991
6.86544991 0.0399999991
6.88940001 0.0399999991
6.90775967 0.0399999991
2 70.0 6.47859812 0.0399999991
6.50985241 0.0399999991
6.5367775 0.0399999991
6.55457449 0.0399999991
2 60.0 6.13420916 0.0399999991
6.17156363 0.0399999991
6.19487906 0.0399999991
6.21212149 0.0399999991
2 50.0 5.81429005 0.0399999991
5.8529954 0.0399999991
5.87873077 0.0399999991
5.90527153 0.0399999991
2 45.0 5.66452026 0.0399999991
5.69736099 0.0399999991
5.72147512 0.0399999991
5.74844313 0.0399999991
2 40.0 5.51067734 0.0399999991
5.54196215 0.0399999991
5.57123613 0.0399999991
5.59940004 0.0399999991
3
6
3 90.0 8.30585003 0.0399999991
8.31998444 0.0399999991
8.33810329 0.0399999991
8.34878922 0.0399999991
3 80.0 7.94234991 0.0399999991
7.95803213 0.0399999991
7.97312975 0.0399999991
7.98217535 0.0399999991
3 70.0 7.55963373 0.0399999991
7.58254051 0.0399999991
7.59511948 0.0399999991
7.60706568 0.0399999991
3 60.0 7.10795212 0.0399999991
7.13112116 0.0399999991
7.15076351 0.0399999991
7.17026234 0.0399999991
3 50.0 6.56884527 0.0399999991
6.59154797 0.0399999991
6.62018204 0.0399999991
6.64512157 0.0399999991
3 45.0 6.31160116 0.0399999991
6.33372831 0.0399999991
6.36399889 0.0399999991
6.38293457 0.0399999991
3 40.0 6.07240582 0.0399999991
6.09423828 0.0399999991
6.11792564 0.0399999991
6.13985491 0.0399999991
4
2
4 50.0 7.38321114 0.0399999991
7.40358067 0.0399999991
7.42291355 0.0399999991
7.44039583 0.0399999991
4 45.0 7.04169083 0.0399999991
7.0668087 0.0399999991
7.09850788 0.0399999991
7.1163516 0.0399999991
4 40.0 6.68175459 0.0399999991
6.71279764 0.0399999991
6.73780966 0.0399999991
6.75866461 0.0399999991
5
2
5 50.0 7.97694731 0.0399999991
7.9968524 0.0399999991
8.00487423 0.0399999991
8.02593803 0.0399999991
5 45.0 7.68888521 0.0399999991
7.70093203 0.0399999991
7.71318817 0.0399999991
7.72726488 0.0399999991
5 40.0 7.35841417 0.0399999991
7.38687277 0.0399999991
7.40075541 0.0399999991
7.41574383 0.0399999991
